200     84.1
210     83
220     79.5
230     79
240     76.6
250     68.6
260     59.3
270     48.2
280     47
290     51.6
300     56.2
310     57.3
320     56.9
330     58.1
340     57.9
350     56.1
360     53.9
370     52.7
380     54.9
390     58.4
400     60.1
420     62.7
440     64.6
460     65.6
480     66.1
500     67.5
520     68
540     68.3
560     68.4
580     69.3
600     69.2
620     69.5
640     70.1
660     69.9
680     70
700     69.7
720     70
740     70.2
760     70.2
780     70.5
800     70.2